0.7229053974151611
0.7074987292289734
0.690818727016449
0.6431910991668701
0.6239379048347473
0.6041852235794067
0.5571762919425964
0.5508760809898376
0.5224028825759888
0.5199987292289734
0.4869062602519989
0.48292914032936096
0.4623061716556549
0.44585180282592773
0.45462584495544434
0.4349321126937866
0.4391724765300751
0.4121750593185425
0.3862038850784302
0.38379228115081787
0.4068303108215332
0.3842335045337677
0.36474359035491943
0.3485030233860016
0.34921351075172424
0.3368091881275177
0.336138516664505
0.32853493094444275
0.3244183361530304
0.3190515339374542
0.3091558814048767
0.3019660413265228
0.3016403615474701
0.2963903844356537
0.29246389865875244
0.2836777865886688
0.28101053833961487
0.27529558539390564
0.26018691062927246
0.27715301513671875
0.25950339436531067
0.2546584904193878
0.25799140334129333
0.2580496072769165
0.242232546210289
0.2435518354177475
0.2545507252216339
0.2393864244222641
0.24233736097812653
0.23814959824085236
0.2310197949409485
0.2255300134420395
0.24349646270275116
0.22925500571727753
0.22494064271450043
0.23371267318725586
0.2275175005197525
0.20977407693862915
0.20863354206085205
0.2109277844429016
0.2180340737104416
0.22376824915409088
0.20481689274311066
0.20659244060516357
0.21973247826099396
0.1918192356824875
0.19994652271270752
0.19695977866649628
0.20842017233371735
0.21269214153289795
0.1988309770822525
0.1998170018196106
0.18608354032039642
0.20159827172756195
0.19742171466350555
0.18772047758102417
0.21334528923034668
0.1898069530725479
0.17844586074352264
0.18600666522979736
0.19278840720653534
0.18629805743694305
0.18227291107177734
0.20830176770687103
0.1707342118024826
0.17961318790912628
0.17663127183914185
0.19470195472240448
0.1934429556131363
0.18519540131092072
0.18167372047901154
0.1988370269536972
0.1679377555847168
0.1723678559064865
0.1712367683649063
0.16047896444797516
0.16969092190265656
0.17236821353435516
0.16246210038661957
0.16053198277950287
0.16752974689006805
0.16303685307502747
0.16575230658054352
0.16847819089889526
0.18909414112567902
0.1759452223777771
0.17568767070770264
0.1663496047258377
0.16140593588352203
0.17178155481815338
0.15378932654857635
0.15325428545475006
0.14929445087909698
0.16962306201457977
0.15283523499965668
0.15413904190063477
0.17582909762859344
0.1613168716430664
0.1568869799375534
0.15553268790245056
0.14502133429050446
0.15898655354976654
0.1495988667011261
0.1553409844636917
0.1597178727388382
0.16589081287384033
0.14808228611946106
0.16250954568386078
0.15359900891780853
0.14355961978435516
0.15823127329349518
0.143953338265419
0.2277677059173584
0.16044488549232483
0.1566847264766693
0.15917767584323883
0.1499892771244049
0.15005506575107574
0.1504499465227127
0.14141406118869781
0.1525765359401703
0.1621217429637909
0.15267455577850342
0.15280909836292267
0.14546124637126923
0.1319950371980667
0.17053872346878052
0.14022700488567352
0.1543220728635788
0.14305439591407776
0.15246574580669403
0.14944230020046234
0.14372162520885468
0.1554991602897644
0.14929939806461334
0.1467294842004776
0.1300888955593109
0.13741637766361237
0.14934323728084564
0.13472731411457062
0.15264783799648285
0.14202888309955597
0.1394266039133072
0.14053352177143097
0.13138894736766815
0.1353628784418106
0.14074726402759552
0.15628944337368011
0.14334465563297272
0.14362196624279022
0.13734693825244904
0.12709932029247284
0.12981270253658295
0.1276753693819046
0.17179511487483978
0.12812106311321259
0.13996310532093048
0.13361890614032745
0.1306745857000351
0.1281576007604599
0.1311146318912506
0.1671418994665146
0.14207473397254944
0.13056154549121857
0.1290309578180313
0.12805022299289703
0.12444739788770676
0.12920577824115753
0.1950795203447342
0.14767463505268097
0.13978001475334167
0.13701461255550385
0.1328069418668747
0.1318637877702713
0.12573039531707764
0.12750296294689178
0.14913789927959442
0.14674265682697296
0.12738579511642456
0.12374961376190186
0.13746224343776703
0.1297347992658615
0.1292952001094818
0.12845002114772797
0.12292447686195374
0.12299943715333939
0.12995629012584686
0.14127981662750244
0.1295119822025299
0.15591634809970856
0.12074586004018784
0.12118876725435257
0.12307741492986679
0.13537923991680145
0.12556743621826172
0.1381351351737976
0.14601178467273712
0.12743864953517914
0.11905369907617569
0.11860539764165878
0.1388014703989029
0.1189376711845398
0.13215528428554535
0.130767822265625
0.11934009939432144
0.12360357493162155
0.12104552239179611
0.12751734256744385
0.1167827621102333
0.12114274501800537
0.1312558501958847
0.12625697255134583
0.1296296864748001
0.12074342370033264
0.1205686554312706
0.12346693873405457
0.11382300406694412
0.13897286355495453
0.1373220831155777
0.11362237483263016
0.10909155011177063
0.13950884342193604
0.11831729859113693
0.11716926097869873
0.14735020697116852
0.11757037043571472
0.1315004676580429
0.12300922721624374
0.10984452813863754
0.11624284833669662
0.12636755406856537
0.12215850502252579
0.12434601783752441
0.11861602216959
0.1107979416847229
0.11492032557725906
0.11692448705434799
0.11129912734031677
0.14781388640403748
0.11722039431333542
0.11484900861978531
0.1177314817905426
0.10883969068527222
0.11040350794792175
0.11754671484231949
0.13587014377117157
0.11086398363113403
0.11032842844724655
0.10840809345245361
0.11943183094263077
0.11981003731489182
0.12788967788219452
0.1132098138332367
0.12005841732025146
0.12506674230098724
0.12117913365364075
0.10651468485593796
0.11820577830076218
0.11657882481813431
0.14314693212509155
0.1142255961894989
0.11201175302267075
0.11763515323400497
0.11933901160955429
0.10833258181810379
0.10056445747613907
0.1141015887260437
0.11830449104309082
0.11892244964838028
0.10517898947000504
0.11244519799947739
0.11298588663339615
0.11013433337211609
0.11000078171491623
0.10748808830976486
0.11584406346082687
0.11104658246040344
0.11448544263839722
0.10574764758348465
0.10724995285272598
0.13223755359649658
0.10619372129440308
0.10110912472009659
0.11749144643545151
0.11516222357749939
0.11805505305528641
0.10977620631456375
0.10832896083593369
0.10600929707288742
0.1041921004652977
0.10856639593839645
0.10305935144424438
0.11304706335067749
0.1096821203827858
0.16479796171188354
0.11215569823980331
0.1094229444861412
0.10742110013961792
0.10693962126970291
0.13414902985095978
0.10140514373779297
0.125210240483284
0.11234474182128906
0.11902827769517899
0.11158845573663712
0.0971241220831871
0.1030915379524231
0.11007177829742432
0.12183842062950134
0.12232860922813416
0.09773818403482437
0.09998635202646255
0.11301818490028381
0.10513383895158768
0.10623371601104736
0.1204710379242897
0.10651227831840515
0.10384426265954971
0.1251758635044098
0.10570865869522095
0.0982295498251915
0.09565838426351547
0.1414804905653
0.10233011841773987
0.110073022544384
0.10070674866437912
0.09957421571016312
0.10877785831689835
0.10891840606927872
0.11359027773141861
0.12379171699285507
0.11498918384313583
0.10094621777534485
0.10266876965761185
0.09671018272638321
0.10025078058242798
0.11707977205514908
0.09989219903945923
0.10368234664201736
0.10465580224990845
0.10369733721017838
0.11090406775474548
0.10398892313241959
0.09936849027872086
0.10168562084436417
0.11051710695028305
0.10959089547395706
0.11431197077035904
0.09940863400697708
0.10793612152338028
0.11769623309373856
0.11480712890625
0.10163978487253189
0.10553201287984848
0.09615790098905563
0.10230764001607895
0.10474282503128052
0.12818627059459686
0.10191977769136429
0.09790251404047012
0.11167478561401367
0.09688051789999008
0.11179008334875107
0.09361890703439713
0.10766390711069107
0.09503289312124252
0.11943057179450989
0.1201203241944313
0.09955725073814392
0.10223349183797836
0.09626385569572449
0.13329525291919708
0.11050578951835632
0.10182728618383408
0.0939774289727211
0.1088075116276741
0.09724029153585434
0.10157299041748047
0.12568379938602448
0.10035670548677444
0.10449666529893875
0.10022479295730591
0.10245391726493835
0.10825509577989578
0.09487094730138779
0.10585618019104004
0.10878577828407288
0.09187120199203491
0.10123982280492783
0.09924375265836716
0.09318707138299942
0.1021948829293251
0.12105172872543335
0.10125327855348587
0.10644811391830444
0.09153834730386734
0.08521717041730881
0.10819926112890244
0.10120520740747452
0.1263331174850464
0.09682638198137283
0.09491533041000366
0.10154586285352707
0.10974506288766861
0.0994241014122963
0.09677491337060928
0.1209690272808075
0.10157912969589233
0.09972554445266724
0.09242106229066849
0.09163910150527954
0.0942130982875824
0.09176874160766602
0.11011055111885071
0.09844204038381577
0.09375833719968796
0.09888461232185364
0.09339854121208191
0.09191739559173584
0.08821295946836472
0.1055578961968422
0.09870951622724533
0.10025768727064133
0.08779281377792358
0.09337864071130753
0.09286347031593323
0.08881042152643204
0.08913594484329224
0.08621338754892349
0.09895053505897522
0.09127268195152283
0.08990306407213211
0.09378975629806519
0.09608101844787598
0.09330009669065475
0.09430331736803055
0.0951370894908905
0.0910174623131752
0.08911601454019547
0.0970684066414833
0.08684924989938736
0.12279792875051498
0.1109800636768341
0.09969371557235718
0.08600714057683945
0.09132494777441025
0.09900522977113724
0.08753326535224915
0.09895708411931992
0.107435442507267
0.09252527356147766
0.10094445198774338
0.0865669772028923
0.0897878110408783
0.0834713950753212
0.09161271899938583
0.08425873517990112
0.09721893817186356
0.08942711353302002
0.0973643884062767
0.10572633147239685
0.10588862746953964
0.10615480691194534
0.09331301599740982
0.09225288778543472
0.09865667670965195
0.09903004765510559
0.08620194345712662
0.08553158491849899
0.09468290954828262
0.097864530980587
0.08433177322149277
0.07987193018198013
0.08937588334083557
0.08776377886533737
0.09246187657117844
0.09097359329462051
0.10299357771873474
0.08782891184091568
0.08817177265882492
0.08392837643623352
0.08928478509187698
0.08794885873794556
0.13294871151447296
0.0946795865893364
0.08886509388685226
0.09380704909563065
0.08399031311273575
0.08758623152971268
0.08767513185739517
0.1050441637635231
0.08879402279853821
0.10498397797346115
0.08013024181127548
0.08554858714342117
0.08326265215873718
0.08332932740449905
0.10876350849866867
0.09732652455568314
0.08999229222536087
0.08544081449508667
0.09165702015161514
0.08887787908315659
0.08008118718862534
0.11032343655824661
0.08294763416051865
0.08211728930473328
0.08914763480424881
0.09057562798261642
0.0806443989276886
0.0824841856956482
0.09678997844457626
0.09449063986539841
0.08357851952314377
0.08298032730817795
0.08930882811546326
0.07873160392045975
0.07596724480390549
0.1018136516213417
0.09498783946037292
0.08231263607740402
0.08066146075725555
0.07140520960092545
0.08184594660997391
0.08203232288360596
0.09785629063844681
0.08066856116056442
0.0848555639386177
0.07883516699075699
0.07995248585939407
0.08076227456331253
0.08914702385663986
0.11083873361349106
0.08008687943220139
0.08564113825559616
0.0762411430478096
0.07523683458566666
0.08432746678590775
0.08069757372140884
0.09072419255971909
0.06933482736349106
0.08129619807004929
0.08228084444999695
0.08173998445272446
0.0777224600315094
0.09032920747995377
0.11453595012426376
0.08842834085226059
0.08634703606367111
0.08075503259897232
0.08198531717061996
0.07773162424564362
0.08098672330379486
0.09732609987258911
0.08646374195814133
0.08239218592643738
0.08555061370134354
0.07752411812543869
0.07502991706132889
0.0805918350815773
0.08673080801963806
0.08119219541549683
0.07484642416238785
0.0805545300245285
0.07690999656915665
0.0776987299323082
0.08125856518745422
0.1676173061132431
0.08400989323854446
0.08893778920173645
0.07778679579496384
0.07864300161600113
0.0810166671872139
0.07356222718954086
0.09107015281915665
0.07873033732175827
0.07128112018108368
0.08564132452011108
0.08944013714790344
0.07409839332103729
0.07279512286186218
0.125055193901062
0.09555164724588394
0.08484635502099991
0.08704821020364761
0.08194170892238617
0.07229441404342651
0.07180280238389969
0.11147705465555191
0.08002597838640213
0.08632121235132217
0.08010119944810867
0.08474963903427124
0.07218322902917862
0.07719821482896805
0.09024715423583984
0.07696843892335892
0.0781889259815216
0.07409901916980743
0.08852148056030273
0.08585307002067566
0.07987822592258453
0.08536133915185928
0.07907531410455704
0.08720391988754272
0.07995829731225967
0.0786602571606636
0.07446932792663574
0.07578996568918228
0.0913606658577919
0.08035476505756378
0.07692888379096985
0.07248518615961075
0.0781307965517044
0.07751908153295517
0.07623039186000824
0.08575054258108139
0.07455434650182724
0.08684489130973816
0.07353522628545761
0.0761975646018982
0.07878825813531876
0.07129764556884766
0.1145329549908638
0.07938461750745773
0.0769018828868866
0.07373059540987015
0.07311949133872986
0.07946265488862991
0.08062587678432465
0.08178452402353287
0.07403296232223511
0.07432495802640915
0.08759550005197525
0.07557389885187149
0.075893335044384
0.0732242688536644
0.07501429319381714
0.07367222756147385
0.06708898395299911
0.08056950569152832
0.07272671163082123
0.07735496014356613
0.07704330235719681
0.0884413793683052
0.07219961285591125
0.07225339859724045
0.07048677653074265
0.07539684325456619
0.07446657866239548
0.07157780975103378
0.1257627159357071
0.07186383754014969
0.07912720739841461
0.06980643421411514
0.07712108641862869
0.07766317576169968
0.06764095276594162
0.09489283710718155
0.07234492897987366
0.07784882932901382
0.0754033699631691
0.08018219470977783
0.06734247505664825
0.07272210717201233
0.0764220580458641
0.06942221522331238
0.07984408736228943
0.08159791678190231
0.06939738243818283
0.06446834653615952
0.07398268580436707
0.08815640956163406
0.068196602165699
0.07563941925764084
0.06654339283704758
0.06708003580570221
0.07324608415365219
0.08461882919073105
0.07734925299882889
0.06914343684911728
0.07098761945962906
0.09374529868364334
0.07992909103631973
0.07485383003950119
0.06899310648441315
0.08705247193574905
0.0704641118645668
0.07491450756788254
0.06837236136198044
0.07730048149824142
0.06558426469564438
0.07351106405258179
0.08599831908941269
0.07430795580148697
0.08091747015714645
0.07425377517938614
0.07446371763944626
0.06645122915506363
0.06664789468050003
0.06722470372915268
0.07425951957702637
0.06652040034532547
0.08131583780050278
0.07109012454748154
0.06449618190526962
0.07286761701107025
0.08545643091201782
0.08076323568820953
0.07012886554002762
0.06804641336202621
0.06688783317804337
0.07783135026693344
0.06667007505893707
0.08632893115282059
0.07646136730909348
0.07811715453863144
0.06329194456338882
0.07042783498764038
0.06826325505971909
0.06840964406728745
0.08845462650060654
0.07259971648454666
0.07087896019220352
0.06640513986349106
0.06723333150148392
0.06788871437311172
0.06685461103916168
0.10184383392333984
0.07551074773073196
0.07102018594741821
0.0638820007443428
0.06585393100976944
0.07275262475013733
0.06293818354606628
0.1010686382651329
0.07640021294355392
0.06885071843862534
0.06885353475809097
0.07396227866411209
0.07210101932287216
0.0661868080496788
0.08414715528488159
0.0748458132147789
0.07057077437639236
0.07554738968610764
0.0599682591855526
0.07834330946207047
0.06816138327121735
0.09816170483827591
0.06682276725769043
0.06620258837938309
0.06534244865179062
0.0745600089430809
0.07995732873678207
0.06436309963464737
0.08211170881986618
0.06655235588550568
0.07487275451421738
0.07032674551010132
0.0683206096291542
0.0647578090429306
0.06455504149198532
0.07753700017929077
0.07621116191148758
0.0648818239569664
0.0627792701125145
0.06412959098815918
0.06539994478225708
0.07133902609348297
0.08984184265136719
0.07630132138729095
0.062370847910642624
0.06901329010725021
0.06504802405834198
0.06520678102970123
0.06754765659570694
0.15039101243019104
0.08630899339914322
0.07440585643053055
0.07341017574071884
0.07337868958711624
0.07793470472097397
0.07550593465566635
0.12233608216047287
0.07036823779344559
0.0815521702170372
0.0729748010635376
0.07233481854200363
0.0649929791688919
0.07494881004095078
0.10395052284002304
0.07315362989902496
0.06682971864938736
0.06561806797981262
0.06422163546085358
0.06709498167037964
0.07145068794488907
0.09470197558403015
0.07147965580224991
0.06858697533607483
0.07382843643426895
0.06497140973806381
0.06303200125694275
0.06674747914075851
0.09661269932985306
0.06536220759153366
0.06785350292921066
0.07017605751752853
0.06447715312242508
0.0761505737900734
0.06923667341470718
0.08540621399879456
0.06777113676071167
0.0661119893193245
0.06773990392684937
0.06839185208082199
0.06447941809892654
0.0739329382777214
0.12318688631057739
0.07250452786684036
0.07406175881624222
0.07428126782178879
0.06767009198665619
0.06320935487747192
0.0656159296631813
0.07509814947843552
0.06237582489848137
0.06579912453889847
0.06805039942264557
0.06789271533489227
0.06844960898160934
0.0645400881767273
0.07541367411613464
0.0665084645152092
0.06994049996137619
0.06555146723985672
0.06216544285416603
0.06972906738519669
0.06363262236118317
0.15445736050605774
0.07072781771421432
0.07473651319742203
0.07425917685031891
0.06966911256313324
0.06432108581066132
0.06871611624956131
0.07248694449663162
0.06327179819345474
0.06238531693816185
0.0707223191857338
0.06831162422895432
0.06600203365087509
0.06418006867170334
0.07859129458665848
0.07012439519166946
0.059333205223083496
0.0675971582531929
0.0627194494009018
0.06706167012453079
0.0644066110253334
0.09825990349054337
0.061907753348350525
0.06168089434504509
0.07707050442695618
0.06339386850595474
0.06501921266317368
0.07011935859918594
0.07538396120071411
0.06769327819347382
0.06809128820896149
0.06729931384325027
0.06408653408288956
0.06437274068593979
0.06974394619464874
0.08201533555984497
0.0609935037791729
0.06730607897043228
0.06281718611717224
0.05847683176398277
0.06107620894908905
0.06228835880756378
0.07789497077465057
0.06624697893857956
0.057997673749923706
0.061459776014089584
0.0662669986486435
0.0680578276515007
0.062070902436971664
0.07782270759344101
0.07141061872243881
0.058032091706991196
0.0614115335047245
0.06611799448728561
0.05801835283637047
0.06097714602947235
0.080412358045578
0.06215047836303711
0.05943533778190613
0.06388487666845322
0.060301586985588074
0.065626360476017
0.06254979968070984
0.0686887726187706
0.059515055269002914
0.06678180396556854
0.06343698501586914
0.060154348611831665
0.056170523166656494
0.060303520411252975
0.08395252376794815
0.06395804136991501
0.05720849335193634
0.06517297029495239
0.055471524596214294
0.06112714484333992
0.0671907365322113
0.06091601774096489
0.06414507329463959
0.05903652310371399
0.06594844907522202
0.058883097022771835
0.057448554784059525
0.05372883751988411
0.07773914933204651
0.06322195380926132
0.05809761956334114
0.06246427819132805
0.05844312533736229
0.05900928005576134
0.06380075961351395
0.07366733998060226
0.07531455159187317
0.0648784413933754
0.05789108946919441
0.06062280014157295
0.055267348885536194
0.059221044182777405
0.07953616976737976
0.06006491184234619
0.06042885780334473
0.05930962786078453
0.06224210187792778
0.06390168517827988
0.056001096963882446
0.06470174342393875
0.0608113668859005
0.06422101706266403
0.06960627436637878
0.05945106968283653
0.06330556422472
0.05714848265051842
0.0721602737903595
0.059579700231552124
0.05582262948155403
0.06326168775558472
0.06874082237482071
0.05474245920777321
0.0645485520362854
0.06179790571331978
0.06416814029216766
0.060069382190704346
0.05748101696372032
0.0566447414457798
0.05515016242861748
0.06007776036858559
0.08386778831481934
0.05796320363879204
0.056826815009117126
0.06999006122350693
0.062184691429138184
0.05715404823422432
0.05945403501391411
0.14436733722686768
0.07087304443120956
0.06982233375310898
0.06672082096338272
0.058308158069849014
0.06212282553315163
0.06234022602438927
0.07173695415258408
0.05779871344566345
0.059173405170440674
0.06219254806637764
0.0554177351295948
0.06464386731386185
0.05638493224978447
0.09064538031816483
0.0569501630961895
0.06210431456565857
0.06432954221963882
0.0538354255259037
0.055220916867256165
0.05637345090508461
0.08894136548042297
0.0598188079893589
0.06024870648980141
0.059621647000312805
0.057504281401634216
0.06442143023014069
0.06272519379854202
0.09525153785943985
0.06703756004571915
0.06195328012108803
0.05566034093499184
0.061167869716882706
0.06135183572769165
0.058499399572610855
0.07733621448278427
0.061825793236494064
0.060439709573984146
0.06808622926473618
0.07239455729722977
0.0610140822827816
0.0697612538933754
0.06867427378892899
0.06133992597460747
0.053838249295949936
0.054927047342061996
0.06342107802629471
0.06017553433775902
0.06682778149843216
0.0638761818408966
0.06311643868684769
0.05721154436469078
0.05520392581820488
0.056060969829559326
0.05529189482331276
0.056533072143793106
0.07668245583772659
0.06179210543632507
0.05851788818836212
0.05662500858306885
0.05582458898425102
0.06053571775555611
0.05803866684436798
0.06060345843434334
0.05804982781410217
0.058466095477342606
0.05980744957923889
0.06406501680612564
0.05763891711831093
0.053880274295806885
0.06387344747781754
0.05666828155517578
0.060803573578596115
0.05936282500624657
0.056310947984457016
0.0627133697271347
0.05738092586398125
0.07423928380012512
0.05810374394059181
0.06065664812922478
0.05994885042309761
0.06323254853487015
0.06848979741334915
0.05605760216712952
0.06379422545433044
0.06521356850862503
0.064276322722435
0.06152781471610069
0.05910365656018257
0.05789269134402275
0.05247035622596741
0.07354002445936203
0.05823993682861328
0.07269027084112167
0.05606624111533165
0.05441434308886528
0.05035533383488655
0.058044105768203735
0.07474369555711746
0.05713148042559624
0.06151455268263817
0.06056802347302437
0.053591758012771606
0.05338583514094353
0.06230149790644646
0.07598663866519928
0.06192909553647041
0.06964924931526184
0.06046969071030617
0.06130462512373924
0.07050764560699463
0.056045759469270706
0.062437210232019424
0.054056569933891296
0.062441255897283554
0.05396881327033043
0.0506514310836792
0.05650094151496887
0.05510510504245758
0.06222565099596977
0.06617649644613266
0.05863363668322563
0.05211836099624634
0.05942711606621742
0.04885878041386604
0.05869819596409798
0.07063660770654678
0.05597246065735817
0.05676770210266113
0.05197177827358246
0.053951445966959
0.053227584809064865
0.05363905429840088
0.07771838456392288
0.058091387152671814
0.059449922293424606
0.055569086223840714
0.05347711965441704
0.057648319751024246
0.05305449292063713
0.08539079874753952
0.05958174541592598
0.05716719105839729
0.05589410662651062
0.05453333631157875
0.05815644562244415
0.05296195670962334
0.08545559644699097
0.05916376784443855
0.06435602158308029
0.05940484628081322
0.057062502950429916
0.052072737365961075
0.06202806159853935
0.061613377183675766
0.058147117495536804
0.05570380762219429
0.06047140061855316
0.053969040513038635
0.05050698295235634
0.05839068070054054
0.09947290271520615
0.066800557076931
0.05550191178917885
0.05736313387751579
0.06124940142035484
0.05741381645202637
0.0652168020606041
0.05407041683793068
0.05682781711220741
0.0514841191470623
0.05057375133037567
0.05055413767695427
0.062310438603162766
0.055923495441675186
0.08751995116472244
0.05728164687752724
0.060447171330451965
0.05371643230319023
0.05589855834841728
0.05830928310751915
0.05674372613430023
0.0831071212887764
0.06078255549073219
0.059641629457473755
0.05213426053524017
0.052599500864744186
0.055325984954833984
0.06175222992897034
0.05769646167755127
0.05659973993897438
0.055086296051740646
0.059581052511930466
0.057949792593717575
0.05538114905357361
0.052755337208509445
0.0645846351981163
0.060241635888814926
0.054252684116363525
0.05580631271004677
0.054529789835214615
0.058302294462919235
0.060311976820230484
0.06773397326469421
0.057345930486917496
0.04788036644458771
0.056747857481241226
0.0649067610502243
0.06096193566918373
0.0588124580681324
0.06582102179527283
0.0556597076356411
0.054006800055503845
0.06266167759895325
0.0523553304374218
0.051739562302827835
0.05423203110694885
0.06817049533128738
0.05622342228889465
0.05761132016777992
0.06022670492529869
0.056931059807538986
0.05802159383893013
0.05375576391816139
0.06899672001600266
0.049690619111061096
0.05398102104663849
0.0602201372385025
0.051363468170166016
0.05644146725535393
0.05620124936103821
0.08058152347803116
0.05308074876666069
0.05962647870182991
0.05678728222846985
0.05244431272149086
0.05321601405739784
0.056284260004758835
0.09750425070524216
0.05829160287976265
0.06783726811408997
0.05943651124835014
0.0539831705391407
0.050570759922266006
0.04950318858027458
0.07754665613174438
0.06266816705465317
0.05728556215763092
0.060720209032297134
0.0515759103000164
0.05751866474747658
0.04986103996634483
0.06938476115465164
0.0516807995736599
0.054377663880586624
0.05995304509997368
0.056232720613479614
0.05790948495268822
0.0552203394472599
0.06687378883361816
0.05494705215096474
0.05019029602408409
0.055500298738479614
0.05460144206881523
0.05389406159520149
0.0499841570854187
0.06984355300664902
0.056289639323949814
0.05995246767997742
0.05894686281681061
0.06648476421833038
0.05231189727783203
0.06529763340950012
0.0737394392490387
0.05605215206742287
0.05470237508416176
0.050452206283807755
0.05377160385251045
0.052648067474365234
0.059675056487321854
0.06447706371545792
0.04964534565806389
0.05011950060725212
0.058057595044374466
0.05285971984267235
0.05776462331414223
0.04955511912703514
0.046101659536361694
0.05903364717960358
0.051987212151288986
0.04965096712112427
0.04704410955309868
0.05526052415370941
0.04895876720547676
0.07076698541641235
0.05059395730495453
0.053347889333963394
0.05747142434120178
0.05105741322040558
0.05192499980330467
0.05256114900112152
0.07718972116708755
0.054482679814100266
0.05074049159884453
0.05874529853463173
0.05004173144698143
0.05939946696162224
0.05505761131644249
0.06468171626329422
0.05480194091796875
0.05239883437752724
0.048862818628549576
0.047543302178382874
0.05241761729121208
0.05060533806681633
0.057920683175325394
0.050596531480550766
0.048551637679338455
0.056061286479234695
0.050651341676712036
0.050890807062387466
0.04733123257756233
0.0778188705444336
0.050217095762491226
0.050108399242162704
0.04994784668087959
0.05785946920514107
0.05367628112435341
0.04713653028011322
0.05521479249000549
0.049031179398298264
0.05371401831507683
0.05277002230286598
0.0605783574283123
0.053609851747751236
0.0514259934425354
0.06151431426405907
0.05657714232802391
0.04769914969801903
0.05530958250164986
0.04619662091135979
0.052873048931360245
0.054391223937273026
0.06921442598104477
0.04971792921423912
0.05524284765124321
0.05060884356498718
0.05301043018698692
0.049956679344177246
0.06718099117279053
0.05987851694226265
0.05148056522011757
0.048540148884058
0.05488135293126106
0.05381578207015991
0.05219465494155884
0.050254326313734055
0.08390583842992783
0.05132678151130676
0.05461423099040985
0.050920385867357254
0.05290191248059273
0.049430448561906815
0.04829402267932892
0.0924292802810669
0.049157414585351944
0.051100824028253555
0.056500840932130814
0.052722956985235214
0.05880339443683624
0.04917183145880699
0.07487288117408752
0.05833986774086952
0.05500326678156853
0.04934915527701378
0.048770323395729065
0.04942015931010246
0.05192362889647484
0.056934211403131485
0.05382789671421051
0.05040205642580986
0.05151926353573799
0.053385209292173386
0.05168917402625084
0.051249127835035324
0.07344052195549011
0.054678428918123245
0.05398302152752876
0.048153992742300034
0.05124438926577568
0.05192309990525246
0.04921703413128853
0.07437004894018173
0.057003796100616455
0.06485608220100403
0.05155534669756889
0.062035154551267624
0.05207069590687752
0.05182261765003204
0.06305906921625137
0.0579596608877182
0.06010359153151512
0.05465397238731384
0.054146844893693924
0.05918344855308533
0.05798712372779846
0.06784236431121826
0.0543314628303051
0.05888604745268822
0.05639466270804405
0.0583469457924366
0.05023856833577156
0.05257565900683403
0.06761661916971207
0.054183479398489
0.04926438629627228
0.05316826328635216
0.053497690707445145
0.05133655294775963
0.05371527746319771
0.09191843867301941
0.06235232576727867
0.060911957174539566
0.057789016515016556
0.06380004435777664
0.050703346729278564
0.050478313118219376
0.06582990288734436
0.053974270820617676
0.05288602039217949
0.0506071113049984
0.05108918622136116
0.05542757734656334
0.05000878497958183
0.05053655430674553
0.054527536034584045
0.05409085378050804
0.05153253301978111
0.05359847471117973
0.05074584484100342
0.05134129896759987
0.05542721226811409
0.05822984501719475
0.05277791619300842
0.048274144530296326
0.048511821776628494
0.04323631152510643
0.045465778559446335
0.05568811297416687
0.047297049313783646
0.047853048890829086
0.050867121666669846
0.04740661755204201
0.06200876832008362
0.054639533162117004
0.05817953124642372
0.05111547186970711
0.055813658982515335
0.05277248099446297
0.0499657541513443
0.05395518243312836
0.04712105169892311
0.06590507179498672
0.05148422345519066
0.05102069675922394
0.058938588947057724
0.049368903040885925
0.053787898272275925
0.05165613815188408
0.05445384606719017
0.06107531487941742
0.04781661927700043
0.04719839617609978
0.04973522201180458
0.05051101744174957
0.043319281190633774
0.0589907169342041
0.04803014174103737
0.059380099177360535
0.05123936012387276
0.050427164882421494
0.053330499678850174
0.0570300929248333
0.08456329256296158
0.05580735206604004
0.04929520562291145
0.049686040729284286
0.04721595719456673
0.05082394555211067
0.0503062903881073
0.06309103220701218
0.046843066811561584
0.055767375975847244
0.047744181007146835
0.04832163080573082
0.04990014806389809
0.04606953263282776
0.06989169865846634
0.06289731711149216
0.05018262565135956
0.04849648475646973
0.05165918543934822
0.045038122683763504
0.04584692791104317
0.05636650323867798
0.04925907775759697
0.05141066387295723
0.04498719051480293
0.04592293128371239
0.052173033356666565
0.04854736104607582
0.06179843470454216
0.04983903095126152
0.04753445088863373
0.047670647501945496
0.051451947540044785
0.04623660445213318
0.051228057593107224
0.05854034796357155
0.048255663365125656
0.054779212921857834
0.04893147572875023
0.04899046942591667
0.05636719986796379
0.050326693803071976
0.05071403086185455
0.05330527946352959
0.04710598289966583
0.048961903899908066
0.048216432332992554
0.050931673496961594
0.04376201331615448
0.0705818459391594
0.0477336049079895
0.046367570757865906
0.05112112686038017
0.049020279198884964
0.05144236981868744
0.04673445224761963
0.051791634410619736
0.059286296367645264
0.052983358502388
0.0454745776951313
0.05146853253245354
0.045721594244241714
0.04720108211040497
0.048151154071092606
0.04685118421912193
0.04640426114201546
0.04542454704642296
0.04745105281472206
0.05177156627178192
0.052873969078063965
0.05149693787097931
0.04841868206858635
0.04544120654463768
0.046410027891397476
0.04803166165947914
0.05510581657290459
0.05188041925430298
0.06448505073785782
0.04584215208888054
0.04531469568610191
0.054195474833250046
0.05151392146945
0.04584139958024025
0.046265747398138046
0.061811525374650955
0.048328906297683716
0.0458294041454792
0.0507439486682415
0.05147585645318031
0.04259214922785759
0.049362536519765854
0.06787917017936707
0.046748723834753036
0.046758417040109634
0.04981282353401184
0.04893948510289192
0.04739609360694885
0.04668812081217766
0.05472467467188835
0.043871115893125534
0.05266454815864563
0.04362689331173897
0.04831007495522499
0.05102086067199707
0.046933989971876144
0.06067712604999542
0.05076265335083008
0.050201814621686935
0.048096537590026855
0.04522477462887764
0.04477086663246155
0.04636870697140694
0.051173340529203415
0.044652003794908524
0.055354055017232895
0.046151045709848404
0.04913228750228882
0.05181931331753731
0.044177357107400894
0.05503362417221069
0.04804040119051933
0.04658449813723564
0.04876720905303955
0.04344331845641136
0.052202124148607254
0.04840678349137306
0.06898581236600876
0.050889357924461365
0.05320755019783974
0.056734126061201096
0.0492008738219738
0.05202211067080498
0.04505163058638573
0.05449299141764641
0.0461362861096859
0.05058623477816582
0.046208400279283524
0.04575459659099579
0.044685233384370804
0.0505438856780529
0.06035640463232994
0.04576411470770836
0.04990367218852043
0.04292870685458183
0.04931718111038208
0.05067867413163185
0.046138983219861984
0.06066155806183815
0.049353864043951035
0.04977880045771599
0.047458797693252563
0.0469607375562191
0.048341795802116394
0.05183544382452965
0.05939968302845955
0.04577920213341713
0.05007356405258179
0.046942707151174545
0.044005006551742554
0.04870464280247688
0.040871962904930115
0.07923547178506851
0.05134129896759987
0.04366655275225639
0.05003572627902031
0.049577098339796066
0.04267271235585213
0.045333027839660645
0.058486055582761765
0.047318220138549805
0.045888353139162064
0.043988171964883804
0.04992227256298065
0.04356728494167328
0.046833500266075134
0.06371686607599258
0.04782487452030182
0.05639795958995819
0.043078333139419556
0.0491805225610733
0.04935233294963837
0.04377113655209541
0.07686129212379456
0.04807275906205177
0.04703478887677193
0.052155669778585434
0.05081044137477875
0.046155791729688644
0.050959497690200806
0.0721953809261322
0.04992790147662163
0.05039793625473976
0.04939914867281914
0.046544212847948074
0.04811723157763481
0.04350586235523224
0.057301416993141174
0.04882553219795227
0.04748593270778656
0.060109272599220276
0.04705106094479561
0.05075564607977867
0.04768671095371246
0.07902052998542786
0.050419095903635025
0.04929547384381294
0.043697912245988846
0.049360111355781555
0.04662523791193962
0.0467296838760376
0.05385161563754082
0.050036218017339706
0.04469819739460945
0.048396021127700806
0.046349454671144485
0.042209118604660034
0.046285759657621384
0.05454598367214203
0.04830409213900566
0.044635359197854996
0.04110753908753395
0.04293076694011688
0.04801028594374657
0.052216801792383194
0.06884599477052689
0.04934541881084442
0.053855836391448975
0.040717389434576035
0.05345017835497856
0.04829638823866844
0.04846290126442909
0.06660852581262589
0.04425424337387085
0.0491514690220356
0.04647819325327873
0.044262517243623734
0.042549747973680496
0.04867582395672798
0.06995248049497604
0.05334610119462013
0.05092669650912285
0.04324616491794586
0.04139986261725426
0.04705730080604553
0.04166126996278763
0.05163009092211723
0.04141936078667641
0.05275987088680267
0.047845616936683655
0.0457879900932312
0.0481664203107357
0.04742501303553581
0.05849830433726311
0.044695887714624405
0.04273028299212456
0.046122465282678604
0.04025239869952202
0.048032376915216446
0.046373460441827774
0.14325442910194397
0.08773630857467651
0.06404419988393784
0.06674324721097946
0.07553642243146896
0.05423293635249138
0.060305241495370865
0.049005087465047836
0.05111891031265259
0.04679924622178078
0.049958646297454834
0.047209471464157104
0.054706186056137085
0.050040703266859055
0.05364921689033508
0.0499274767935276
0.04656493663787842
0.05275917053222656
0.04659967124462128
0.043905239552259445
0.049563463777303696
0.06307791918516159
0.054082125425338745
0.04614345729351044
0.04633544757962227
0.04855530336499214
0.04121020436286926
0.042924460023641586
0.04523245990276337
0.04771873727440834
0.04991526901721954
0.040100034326314926
0.04907482489943504
0.04134862497448921
0.049183499068021774
0.050656288862228394
0.046728018671274185
0.04433855041861534
0.042188744992017746
0.046115413308143616
0.046861547976732254
0.04744287207722664
0.07130836695432663
0.04424729943275452
0.043452728539705276
0.04746339097619057
0.048087228089571
0.04926706850528717
0.038979966193437576
0.07465586811304092
0.04609403386712074
0.06109035015106201
0.05071869120001793
0.046490635722875595
0.04626317322254181
0.04577881097793579
0.06024715304374695
0.050852421671152115
0.04487614333629608
0.04444469138979912
0.05279742181301117
0.047848764806985855
0.04220528528094292
0.05902690067887306
0.04524112120270729
0.048059046268463135
0.041853517293930054
0.04178356006741524
0.04091544449329376
0.0457969568669796
0.05831822752952576
0.04543815553188324
0.042836133390665054
0.043575484305620193
0.04409223794937134
0.04476428031921387
0.04579785093665123
0.06310827285051346
0.05457783862948418
0.046841830015182495
0.043650414794683456
0.046463459730148315
0.0460432805120945
0.04344018176198006
0.05430815741419792
0.05334308370947838
0.047460976988077164
0.04274823144078255
0.04281672462821007
0.05317891016602516
0.04641558229923248
0.06987565755844116
0.04245956242084503
0.04483645781874657
0.04275241494178772
0.04369574412703514
0.04663723334670067
0.04955980181694031
0.06347888708114624
0.05374199524521828
0.043946269899606705
0.043171536177396774
0.04306149482727051
0.043781083077192307
0.04351651296019554
0.04617524519562721
0.05368791148066521
0.04316036030650139
0.045202407985925674
0.04673905670642853
0.05027613043785095
0.04103763774037361
0.05636453628540039
0.044742655009031296
0.045865461230278015
0.053413886576890945
0.04478612542152405
0.04328593611717224
0.04293091222643852
0.04600267484784126
0.05064006149768829
0.045671090483665466
0.049869049340486526
0.04454728588461876
0.04381195828318596
0.04086371883749962
0.07307791709899902
0.04635713994503021
0.04474965110421181
0.04408854618668556
0.045947905629873276
0.04545760154724121
0.043959423899650574
0.051113080233335495
0.042666155844926834
0.04581708088517189
0.04044706001877785
0.04915868118405342
0.041997890919446945
0.04144800826907158
0.08153402805328369
0.043399497866630554
0.05195573344826698
0.048136722296476364
0.04532026872038841
0.04596077278256416
0.04234116151928902
0.05901682376861572
0.03937530517578125
0.04374092444777489
0.04714982584118843
0.046857934445142746
0.05209104344248772
0.044921282678842545
0.08874209970235825
0.04760758951306343
0.04582470655441284
0.04327690601348877
0.04920724034309387
0.04451799392700195
0.04087911918759346
0.051937103271484375
0.0532427616417408
0.04486460983753204
0.04003937914967537
0.043641719967126846
0.041371747851371765
0.044036682695150375
0.10193935036659241
0.04629616439342499
0.0451461561024189
0.045816853642463684
0.049149442464113235
0.04536151885986328
0.04494313523173332
0.04512478783726692
0.047302816063165665
0.03913154825568199
0.04356967285275459
0.045302614569664
0.041927311569452286
0.04599958285689354
0.06709358841180801
0.045713040977716446
0.04049680009484291
0.0412110798060894
0.0433269627392292
0.041375163942575455
0.04829728230834007
0.06013748422265053
0.04318995401263237
0.0451996810734272
0.0455625057220459
0.0470256507396698
0.04962628707289696
0.051557738333940506
0.06328291445970535
0.05026288703083992
0.043429896235466
0.04182552173733711
0.04348662495613098
0.047092098742723465
0.04301408305764198
0.06020345166325569
0.044170960783958435
0.04468010738492012
0.04958629608154297
0.0419812947511673
0.04423472285270691
0.04176539182662964
0.07386467605829239
0.04602989926934242
0.04794895276427269
0.0455901212990284
0.04265335202217102
0.04121193662285805
0.04464278742671013
0.06536058336496353
0.049286726862192154
0.050815146416425705
0.04756905138492584
0.050936076790094376
0.04651744291186333
0.04368513822555542
0.05870000645518303
0.043550778180360794
0.05015094205737114
0.04459887370467186
0.041555892676115036
0.041925445199012756
0.04489953815937042
0.04774891957640648
0.04674326255917549
0.04347369447350502
0.04301624000072479
0.04149101302027702
0.041958119720220566
0.04412681981921196
0.05179603770375252
0.04535772278904915
0.050582293421030045
0.042366307228803635
0.03868268057703972
0.03947903588414192
0.04819738492369652
0.048352595418691635
0.03652280569076538
0.044379737228155136
0.04165276885032654
0.041331078857183456
0.045406606048345566
0.041873980313539505
0.07178609073162079
0.04656088352203369
0.044331103563308716
0.04493940249085426
0.04318619146943092
0.042167216539382935
0.04970445856451988
0.0548388808965683
0.042471859604120255
0.0439281202852726
0.0395217128098011
0.04746999964118004
0.04078812524676323
0.04440206289291382
0.06500470638275146
0.040992822498083115
0.04237380623817444
0.04308326914906502
0.04773406311869621
0.04103881120681763
0.04357266053557396
0.050053730607032776
0.03928946331143379
0.04221128299832344
0.044098738580942154
0.040912773460149765
0.045345354825258255
0.04838034510612488
0.05810947343707085
0.044179126620292664
0.045702919363975525
0.044242843985557556
0.041170842945575714
0.043540000915527344
0.04590713977813721
0.056947264820337296
0.04190531373023987
0.04379265382885933
0.04607187584042549
0.04419389367103577
0.043812233954668045
0.04021816328167915
0.04695315286517143
0.03965971618890762
0.03883489593863487
0.04426446184515953
0.038154419511556625
0.045519083738327026
0.053338367491960526
0.0832643136382103
0.04805470630526543
0.04321439936757088
0.0440499484539032
0.0433470718562603
0.03794167935848236
0.04237590730190277
0.05156559869647026
0.04533248022198677
0.041953399777412415
0.03935122862458229
0.04420977458357811
0.04149448499083519
0.03958592191338539
0.05841541290283203
0.04093460366129875
0.03962438926100731
0.04176047071814537
0.04402564838528633
0.04117024689912796
0.05162655934691429
0.06710914522409439
0.04244799539446831
0.03857480362057686
0.046066250652074814
0.04441696032881737
0.045684341341257095
0.04645159840583801
0.04424082115292549
0.03806161507964134
0.04494467377662659
0.04582105949521065
0.043025001883506775
0.04863021895289421
0.0392669178545475
0.06057196855545044
0.038223955780267715
0.046164561063051224
0.04645118489861488
0.04287665709853172
0.04305487498641014
0.044838134199380875
0.07402687519788742
0.056193962693214417
0.061312418431043625
0.048167962580919266
0.04654998704791069
0.04607878625392914
0.045685674995183945
0.051106471568346024
0.050884097814559937
0.040230799466371536
0.040737252682447433
0.04261324927210808
0.04504217579960823
0.045972760766744614
0.06760304421186447
0.04611814394593239
0.049230217933654785
0.044548749923706055
0.04647766426205635
0.0421934612095356
0.04468433931469917
0.05414941534399986
0.038209397345781326
0.04298247769474983
0.04009117931127548
0.04659722372889519
0.04674728587269783
0.039039820432662964
0.07053264230489731
0.04241035878658295
0.04458518326282501
0.04236440360546112
0.04520339146256447
0.03613734245300293
0.039066899567842484
0.07534126192331314
0.05054914951324463
0.044545795768499374
0.04380491375923157
0.0421154610812664
0.043529096990823746
0.041063375771045685
0.049890052527189255
0.045134931802749634
0.04232116416096687
0.03919222205877304
0.039280179888010025
0.03903305530548096
0.04545504227280617
0.060874905437231064
0.03948060795664787
0.04846881330013275
0.03977947309613228
0.041362565010786057
0.0389082245528698
0.048070210963487625
0.04217355325818062
0.04067311808466911
0.04522770643234253
0.04146546125411987
0.04236549511551857
0.03441185876727104
0.041122447699308395
0.0507354699075222
0.03983582183718681
0.045526061207056046
0.042586419731378555
0.03900090232491493
0.04103264585137367
0.03984294831752777
0.07468121498823166
0.050697650760412216
0.04361974075436592
0.04413042962551117
0.03763222694396973
0.0408516488969326
0.043972790241241455
0.05016889050602913
0.03837815672159195
0.04028918221592903
0.04582113027572632
0.044143110513687134
0.0386500246822834
0.04205970838665962
0.05306541919708252
0.044653188437223434
0.047613948583602905
0.048156414180994034
0.04589204862713814
0.03952796384692192
0.037118058651685715
0.04667680338025093
0.04556840658187866
0.03862743824720383
0.044278647750616074
0.043566200882196426
0.040154073387384415
0.040482405573129654
0.04915768280625343
0.04239398613572121
0.03848584368824959
0.04006524756550789
0.04440297186374664
0.0372990183532238
0.045341089367866516
0.04912983253598213
0.041793715208768845
0.04679149389266968
0.04141104221343994
0.04064229503273964
0.04181838035583496
0.042766764760017395
0.04314027726650238
0.04299551621079445
0.045074936002492905
0.04482795298099518
0.03831479698419571
0.04109387472271919
0.03618418797850609
0.07141691446304321
0.04054800793528557
0.051158592104911804
0.03888286277651787
0.040833983570337296
0.04224232956767082
0.03745768591761589
0.055219221860170364
0.0516229122877121
0.04547971859574318
0.04194635525345802
0.047663722187280655
0.044106435030698776
0.04390217363834381
0.047959472984075546
0.03900330886244774
0.038595050573349
0.03905278816819191
0.03798165172338486
0.04912601783871651
0.04063757136464119
0.06013016030192375
0.04846040531992912
0.040510088205337524
0.0397477000951767
0.03923793509602547
0.040499720722436905
0.0435180626809597
0.06174866482615471
0.0432649664580822
0.04315575957298279
0.04024520143866539
0.04207347705960274
0.04374304413795471
0.03961165249347687
0.0450083427131176
0.04088945314288139
0.03840748965740204
0.0415104515850544
0.043156299740076065
0.04051626846194267
0.04647356644272804
0.053449053317308426
0.04561984911561012
0.038692180067300797
0.0382658988237381
0.045761045068502426
0.04044289514422417
0.03773663938045502
0.053110744804143906
0.0528024286031723
0.04101039469242096
0.0387137308716774
0.04422399774193764
0.03419448435306549
0.04698919877409935
0.053531963378190994
0.04422925040125847
0.04288886487483978
0.040836770087480545
0.03890558332204819
0.04060396924614906
0.04228692129254341
0.049859579652547836
0.035803575068712234
0.038588911294937134
0.03931758180260658
0.04298719763755798
0.03713582828640938
0.03978460654616356
0.05393562093377113
0.038572605699300766
0.03775462135672569
0.037386808544397354
0.03968053683638573
0.038790952414274216
0.044325362890958786
0.05945451185107231
0.03863295540213585
0.037777215242385864
0.0353410504758358
0.04128153994679451
0.040574077516794205
0.040303852409124374
0.05064111948013306
0.03981471061706543
0.03832272067666054
0.04394632205367088
0.042195532470941544
0.04258714243769646
0.038534894585609436
0.05230289697647095
0.046518296003341675
0.037902262061834335
0.04294472560286522
0.03824353218078613
0.04056895896792412
0.0384126715362072
0.05881863832473755
0.041163552552461624
0.03959553316235542
0.0418802946805954
0.04094554856419563
0.0383366234600544
0.04059390351176262
0.06202612444758415
0.0453520268201828
0.041956473141908646
0.04423564672470093
0.03702433034777641
0.045563433319330215
0.039163507521152496
0.04856333136558533
0.03988968953490257
0.03723473101854324
0.04215807840228081
0.0400029756128788
0.035215284675359726
0.038648977875709534
0.04640588164329529
0.044389814138412476
0.035755712538957596
0.03597937151789665
0.038126785308122635
0.039671748876571655
0.037189144641160965
0.047432791441679
0.04521363601088524
0.04450778290629387
0.04585490748286247
0.0397498644888401
0.04288794472813606
0.03644154965877533
0.06170138716697693
0.039595212787389755
0.046651627868413925
0.04682372882962227
0.04282372072339058
0.04132586345076561
0.03738819807767868
0.06376805901527405
0.04354039952158928
0.046510349959135056
0.04336845502257347
0.048180434852838516
0.040107857435941696
0.03662683442234993
0.07562971860170364
0.04076218605041504
0.03890176862478256
0.04201240465044975
0.037018317729234695
0.0404486358165741
0.04450258985161781
0.053761232644319534
0.03817174211144447
0.04133773222565651
0.0405297577381134
0.042860012501478195
0.0452704131603241
0.04128172621130943
0.054431427270174026
0.03822570666670799
0.04366772249341011
0.03907772898674011
0.04310998693108559
0.04570312798023224
0.038664810359478
0.04719162359833717
0.042148854583501816
0.043384965509176254
0.05029229447245598
0.04378257691860199
0.03935352340340614
0.03830248489975929
0.049819979816675186
0.04538709297776222
0.040172021836042404
0.04413704574108124
0.03946157917380333
0.04008864983916283
0.03989212587475777
0.05154796317219734
0.03682417795062065
0.04109182953834534
0.04029667377471924
0.03805667161941528
0.04419252276420593
0.037672191858291626
0.05189347267150879
0.045945603400468826
0.03887655958533287
0.04181937873363495
0.037303924560546875
0.045775994658470154
0.04149447754025459
0.04896143451333046
0.04589882120490074
0.04543234035372734
0.04346911609172821
0.03432190418243408
0.036316633224487305
0.04270158335566521
0.05932466685771942
0.03919607028365135
0.039977751672267914
0.03949563577771187
0.038163021206855774
0.04104722663760185
0.03502226993441582
0.05291895195841789
0.03342264145612717
0.045424625277519226
0.04464903473854065
0.04080134257674217
0.04175693914294243
0.03553662821650505
0.0473630391061306
0.03719954192638397
0.04001367464661598
0.04023343324661255
0.0455540306866169
0.03785734251141548
0.04126984253525734
0.05108393356204033
0.04540571942925453
0.04003322124481201
0.035567816346883774
0.04554944112896919
0.04380297660827637
0.03997916355729103
0.04558379575610161
0.04170285537838936
0.036787644028663635
0.04114995524287224
0.03832967206835747
0.03560396656394005
0.03597797453403473
0.04827012121677399
0.04361872747540474
0.03517213091254234
0.03715290501713753
0.03660808876156807
0.03792746737599373
0.0371190570294857
0.03933756425976753
0.03900693729519844
0.03651033714413643
0.03758031502366066
0.036969076842069626
0.034890316426754
0.03616166487336159
0.06939306855201721
0.036119382828474045
0.046228427439928055
0.04691021516919136
0.03984672576189041
0.05228342488408089
0.04194599762558937
0.0519631952047348
0.040383316576480865
0.04414929822087288
0.035707276314496994
0.04027577117085457
0.03829779103398323
0.037438344210386276
0.042849838733673096
0.03887943550944328
0.03742380812764168
0.03531007096171379
0.040508005768060684
0.04080049321055412
0.04080422595143318
0.046590656042099
0.03928940370678902
0.04386701062321663
0.03974490985274315
0.03906439244747162
0.03990599140524864
0.03599358722567558
0.04912566766142845
0.04173220694065094
0.03660929948091507
0.04456062614917755
0.035728730261325836
0.04217221215367317
0.039882492274045944
0.050502073019742966
0.03688538447022438
0.04130448028445244
0.04187752678990364
0.04254230484366417
0.03935736417770386
0.03446120396256447
0.050626713782548904
0.042669717222452164
0.03728816285729408
0.04121032729744911
0.04028390720486641
0.036003950983285904
0.039302192628383636
0.06005232408642769
0.03613452985882759
0.035897862166166306
0.03980989381670952
0.042302027344703674
0.03903934359550476
0.04125641658902168
0.04771891236305237
0.03673645108938217
0.04135400056838989
0.039141859859228134
0.04062460735440254
0.03613054379820824
0.04036931321024895
0.06492557376623154
0.04536546394228935
0.0370919294655323
0.038998086005449295
0.045833244919776917
0.04387824609875679
0.040847841650247574
0.045101601630449295
0.03515294939279556
0.04115081951022148
0.03995033726096153
0.03920058533549309
0.04316456988453865
0.03676815703511238
0.047422390431165695
0.03544444218277931
0.03374183550477028
0.042213574051856995
0.03994108363986015
0.04132360592484474
0.044692426919937134
0.048339080065488815
0.04159897565841675
0.04175718128681183
0.03895008936524391
0.03778141364455223
0.03770262748003006
0.035061340779066086
0.04732385277748108
0.04285013675689697
0.03845236822962761
0.040374357253313065
0.04713812097907066
0.03646847978234291
0.04124946519732475
0.047430556267499924
0.04702937975525856
0.03335815295577049
0.04145212471485138
0.03742384538054466
0.04617983102798462
0.03828905150294304
0.05374470353126526
0.03931601718068123
0.03702753409743309
0.03621714189648628
0.03761273995041847
0.042527999728918076
0.04472514986991882
0.05479779839515686
0.04450288414955139
0.037947069853544235
0.03408712521195412
0.03238982707262039
0.03662952035665512
0.04410314932465553
0.061529193073511124
0.037016745656728745
0.039172153919935226
0.03621559962630272
0.03789931535720825
0.03930768743157387
0.03902147710323334
0.049801766872406006
0.043624479323625565
0.04392720386385918
0.037182483822107315
0.03931848332285881
0.04461297020316124
0.03796274587512016
0.04443712905049324
0.03422055393457413
0.044909775257110596
0.039408061653375626
0.041883450001478195
0.03610770404338837
0.040672868490219116
0.0409109927713871
0.034734003245830536
0.04033251106739044
0.03959527984261513
0.03785987198352814
0.03441803902387619
0.035871051251888275
0.04776293411850929
0.03563195466995239
0.03668391332030296
0.034842412918806076
0.03913433477282524
0.038721390068531036
0.040504973381757736
0.07143791764974594
0.03782312572002411
0.041825633496046066
0.040019553154706955
0.03674030676484108
0.03379066661000252
0.04133765026926994
0.07789558172225952
0.037260666489601135
0.036585647612810135
0.04396946355700493
0.04210786893963814
0.04203800857067108
0.04010184109210968
0.06604718416929245
0.038136135786771774
0.039037447422742844
0.0436541885137558
0.03712523356080055
0.04231962934136391
0.035570498555898666
0.03618454188108444
0.03392158821225166
0.03807064890861511
0.03937408700585365
0.037584152072668076
0.04011743143200874
0.0358397476375103
0.060787931084632874
0.04120377451181412
0.037528302520513535
0.041358236223459244
0.0391884371638298
0.03442136570811272
0.03561137989163399
0.051043275743722916
0.03975943103432655
0.04178616777062416
0.035815898329019547
0.03579059988260269
0.035691533237695694
0.03834816813468933
0.04487518593668938
0.03573060408234596
0.040233708918094635
0.03986389935016632
0.0377127081155777
0.04106147959828377
0.04135674610733986
0.05445970967411995
0.04829761013388634
0.04237672686576843
0.04109344258904457
0.039913248270750046
0.03715387359261513
0.0415768139064312
0.047659266740083694
0.0359666682779789
0.037463750690221786
0.03983592987060547
0.0379803404211998
0.03648583963513374
0.03871028497815132
0.05908319726586342
0.03680666163563728
0.03975413367152214
0.04373182728886604
0.03795633837580681
0.038159165531396866
0.033123910427093506
0.05645309016108513
0.03450116515159607
0.03985319286584854
0.032578371465206146
0.0357695110142231
0.03631337359547615
0.04185866937041283
0.06309168040752411
0.03739515319466591
0.03816477581858635
0.036739543080329895
0.04010603949427605
0.03709099441766739
0.038452837616205215
0.05485222861170769
0.03735155239701271
0.04065496101975441
0.04494030773639679
0.03495904803276062
0.03808636590838432
0.03337417170405388
0.06214384362101555
0.03514861315488815
0.03953840956091881
0.039911020547151566
0.03557133674621582
0.038237400352954865
0.03692888468503952
0.06036543473601341
0.03960114344954491
0.0439445823431015
0.040316592901945114
0.038957659155130386
0.0386553518474102
0.03725029155611992
0.044461727142333984
0.04142782464623451
0.03482729569077492
0.04431409761309624
0.03884369879961014
0.04131413251161575
0.03505353629589081
0.04814998805522919
0.03684224560856819
0.038243506103754044
0.03610296547412872
0.03980523720383644
0.039052557200193405
0.03203793242573738
0.05339193344116211
0.041652653366327286
0.03827359899878502
0.03823385015130043
0.0345362089574337
0.04264473915100098
0.03547985851764679
0.05248071625828743
0.04065234214067459
0.04381817579269409
0.039255376905202866
0.040615443140268326
0.032190944999456406
0.03623800352215767
0.05505462363362312
0.04333004355430603
0.03581291437149048
0.03815337270498276
0.03721647337079048
0.0357329361140728
0.040565375238657
0.04166680574417114
0.03369947522878647
0.034952953457832336
0.03883688524365425
0.03617439419031143
0.03997329995036125
0.03961244598031044
0.057475123554468155
0.03975022956728935
0.04052278771996498
0.04224969074130058
0.04030372574925423
0.037557732313871384
0.037761811167001724
0.03912051394581795
0.03461861610412598
0.039061225950717926
0.036176640540361404
0.0331433042883873
0.04140206426382065
0.03825841471552849
0.044523030519485474
0.03803200647234917
0.0397200807929039
0.03742576390504837
0.03430619463324547
0.04070841893553734
0.03974571079015732
0.062448423355817795
0.04496103152632713
0.04042883589863777
0.03583874925971031
0.03730909898877144
0.039894603192806244
0.03947011008858681
0.04872832074761391
0.04115477204322815
0.03767842426896095
0.04267147555947304
0.035845834761857986
0.03673344478011131
0.033437330275774
0.04612095281481743
0.038450587540864944
0.03507610782980919
0.03485771641135216
0.03606032207608223
0.03657057508826256
0.03859705850481987
0.04255762696266174
0.04104096442461014
0.03660259023308754
0.044472891837358475
0.03564504161477089
0.03557773306965828
0.04386618733406067
0.04457119107246399
0.03504040464758873
0.044568296521902084
0.03611074760556221
0.0433436818420887
0.04172375425696373
0.03239518031477928
0.04644417762756348
0.03920662775635719
0.03700510039925575
0.036636482924222946
0.03711666539311409
0.03486170247197151
0.03432730957865715
0.056709155440330505
0.0402686782181263
0.040462713688611984
0.03812322020530701
0.03912204131484032
0.041912928223609924
0.03787493705749512
0.05311909317970276
0.03493697568774223
0.03992040827870369
0.03855593502521515
0.03227803111076355
0.03588644787669182
0.03921964764595032
0.0447845458984375
0.03960568830370903
0.04421858862042427
0.04338982328772545
0.03927452862262726
0.03880311921238899
0.04122569039463997
0.03926369175314903
0.0348321832716465
0.04077373817563057
0.03689730539917946
0.037872131913900375
0.03314606100320816
0.038723379373550415
0.05613186955451965
0.037479251623153687
0.03792152926325798
0.039627719670534134
0.03715271130204201
0.033485282212495804
0.03781735897064209
0.04424314200878143
0.037013228982686996
0.039698898792266846
0.03972307965159416
0.036584291607141495
0.03813537582755089
0.03238848224282265
0.05941854417324066
0.04364950582385063
0.03676280006766319
0.03573310747742653
0.04077603295445442
0.033981796354055405
0.036821719259023666
0.09775969386100769
0.046018797904253006
0.04854724183678627
0.04791410267353058
0.042946528643369675
0.0440828837454319
0.03880954161286354
0.048100125044584274
0.04426764324307442
0.03960352763533592
0.04672585800290108
0.042000386863946915
0.043374452739953995
0.03731901943683624
0.04290422797203064
0.03865858539938927
0.03790651634335518
0.03371414169669151
0.04821252450346947
0.03882093355059624
0.03558772802352905
0.043347906321287155
0.03729740157723427
0.04079071804881096
0.03660591319203377
0.037019360810518265
0.03618825972080231
0.034530553966760635
0.04689230024814606
0.03501983731985092
0.0389992855489254
0.03506069630384445
0.03301048278808594
0.03899840638041496
0.03419401869177818
0.039722029119729996
0.03661448508501053
0.034745343029499054
0.03613339364528656
0.034557778388261795
0.03880815580487251
0.03495314344763756
0.05087713524699211
0.03571683540940285
0.03889045864343643
0.03724544867873192
0.03912626579403877
0.03582018241286278
0.03473799303174019
0.045687124133110046
0.03469747677445412
0.03441987186670303
0.036590930074453354
0.03337809816002846
0.04649469256401062
0.0388861745595932
0.03779011592268944
0.03395553305745125
0.04221029207110405
0.03536712005734444
0.036998242139816284
0.03501278907060623
0.03947979211807251
0.05535310134291649
0.045331791043281555
0.03562965616583824
0.04005426540970802
0.037410177290439606
0.03699326515197754
0.036449190229177475
0.04586225748062134
0.04301949217915535
0.044886063784360886
0.044263556599617004
0.04006825014948845
0.04162188246846199
0.032455068081617355
0.04315619543194771
0.04338216781616211
0.03590766713023186
0.03633264824748039
0.03386859595775604
0.0391944982111454
0.03770267590880394
0.044142886996269226
0.03735460713505745
0.036270853132009506
0.041771724820137024
0.03684484586119652
0.05026443675160408
0.03562919422984123
0.04036273434758186
0.03942643851041794
0.03921173885464668
0.03311177343130112
0.03576303645968437
0.033828459680080414
0.0323479138314724
0.055537149310112
0.03673329949378967
0.0415082722902298
0.03747294470667839
0.03569793701171875
0.04071962460875511
0.035410091280937195
0.04396462440490723
0.03932229056954384
0.036493562161922455
0.03572569414973259
0.034303292632102966
0.03572125360369682
0.03584490343928337
0.040670692920684814
0.03541875258088112
0.033495742827653885
0.03556538000702858
0.035375893115997314
0.036916691809892654
0.04439312219619751
0.04306750372052193
0.03801475465297699
0.03388542681932449
0.03536636009812355
0.03193319961428642
0.03403575345873833
0.036810651421546936
0.05228056013584137
0.03634046018123627
0.03418300673365593
0.032397035509347916
0.04206457361578941
0.03960508108139038
0.03570088371634483
0.05924086272716522
0.034891244024038315
0.03627263382077217
0.03679686784744263
0.03859247639775276
0.03645499050617218
0.033897459506988525
0.043534595519304276
0.0374625101685524
0.03347182646393776
0.03303997963666916
0.037369418889284134
0.03515198826789856
0.03853943571448326
0.049365729093551636
0.035400472581386566
0.03380896523594856
0.03600192442536354
0.033241335302591324
0.03171766921877861
0.03973442316055298
0.03518323227763176
0.030405603349208832
0.04195759817957878
0.037648070603609085
0.033648908138275146
0.03238757699728012
0.04455999657511711
0.04616352915763855
0.03635617718100548
0.035196803510189056
0.03883645310997963
0.03924667835235596
0.034792058169841766
0.033958081156015396
0.045910146087408066
0.03502597287297249
0.035794924944639206
0.0405973456799984
0.0343935526907444
0.032261352986097336
0.03660934045910835
0.053355127573013306
0.038353029638528824
0.033538561314344406
0.038137782365083694
0.034888457506895065
0.03388254716992378
0.03527924045920372
0.06415684521198273
0.04308280721306801
0.042479258030653
0.04519636929035187
0.03965712711215019
0.034864891320466995
0.045411303639411926
0.054891716688871384
0.03851652145385742
0.04076387360692024
0.03878345713019371
0.036805618554353714
0.03822062909603119
0.03751764073967934
0.060298413038253784
0.039519526064395905
0.03327978774905205
0.036395009607076645
0.04070890322327614
0.0381782166659832
0.035182323306798935
0.04546939209103584
0.037272918969392776
0.041849058121442795
0.0366571880877018
0.035911932587623596
0.03816354274749756
0.036996666342020035
0.03988717496395111
0.0377008430659771
0.04036473110318184
0.04239581897854805
0.03592993691563606
0.03639250621199608
0.03748226910829544
0.036421049386262894
0.036496762186288834
0.04007939621806145
0.03453792259097099
0.03962285444140434
0.034981559962034225
0.03586897999048233
0.07139457017183304
0.03966076299548149
0.04020633175969124
0.03756995499134064
0.04109329730272293
0.03548493608832359
0.03572233021259308
0.05460752546787262
0.04154931753873825
0.04358399286866188
0.03575175628066063
0.04407370463013649
0.036649733781814575
0.033213865011930466
0.049948837608098984
0.03586971014738083
0.03705242648720741
0.03472503274679184
0.03397919982671738
0.03780846670269966
0.03127451613545418
0.03630027547478676
0.03343954309821129
0.03472362086176872
0.03244755044579506
0.03236423060297966
0.03838076815009117
0.03627953678369522
0.06484629958868027
0.03808290883898735
0.03912311792373657
0.037533439695835114
0.04139731079339981
0.04336616024374962
0.0358257032930851
0.057534050196409225
0.03681977465748787
0.038039933890104294
0.03940306976437569
0.03789525106549263
0.03236755356192589
0.03868972137570381
0.05280715227127075
0.04071742668747902
0.03860301896929741
0.04214930161833763
0.03674442693591118
0.04062614589929581
0.03153882920742035
0.04152357205748558
0.036638934165239334
0.03582322597503662
0.03545623645186424
0.0345432311296463
0.0409424863755703
0.035878438502550125
0.04123445972800255
0.032358068972826004
0.036845605820417404
0.034950774163007736
0.03651011735200882
0.03634409233927727
0.036685895174741745
0.08486495167016983
0.03912276402115822
0.04005132615566254
0.03960268199443817
0.04032487794756889
0.038754258304834366
0.032613605260849
0.04692666605114937
0.0357682965695858
0.03666826710104942
0.034832511097192764
0.035082634538412094
0.0377572625875473
0.0440751351416111
0.057359252125024796
0.045848991721868515
0.03445990011096001
0.0363682396709919
0.03628324344754219
0.036473970860242844
0.035528700798749924
0.04410393163561821
0.03236507251858711
0.03496269881725311
0.034773387014865875
0.03336702287197113
0.037031833082437515
0.03717184066772461
0.040599673986434937
0.039435748010873795
0.03546571731567383
0.038409892469644547
0.036602772772312164
0.03908887133002281
0.03664037212729454
0.04438890889286995
0.03763294592499733
0.032974712550640106
0.03799038007855415
0.03466862067580223
0.03391151502728462
0.03143390640616417
0.052470941096544266
0.035197675228118896
0.04031510651111603
0.03611605614423752
0.0360383540391922
0.032549746334552765
0.037665776908397675
0.058760423213243484
0.03562666103243828
0.0376533679664135
0.0335625596344471
0.034304384142160416
0.03890999034047127
0.03334919363260269
0.04586419463157654
0.035510774701833725
0.037138376384973526
0.03749050199985504
0.0366978645324707
0.03177044168114662
0.03462792560458183
0.0472835935652256
0.046434011310338974
0.04646725952625275
0.03433320298790932
0.04090366140007973
0.03013094700872898
0.03967343643307686
0.03902497887611389
0.03115944378077984
0.03655219078063965
0.03857116773724556
0.03508659824728966
0.03682316467165947
0.036861468106508255
0.04493670538067818
0.03930792957544327
0.03686835989356041
0.03550561144948006
0.03545963019132614
0.03169393166899681
0.039452869445085526
0.04979383572936058
0.03180684521794319
0.0365840382874012
0.0312516875565052
0.044851478189229965
0.04110506549477577
0.034667640924453735
0.03315827623009682
0.034832555800676346
0.035242173820734024
0.03475514054298401
0.035104747861623764
0.0297132208943367
0.04007507860660553
0.050146445631980896
0.03427409008145332
0.03265097364783287
0.03480767831206322
0.03558720275759697
0.04458114132285118
0.03142525255680084
0.0552450567483902
0.03451459854841232
0.03146333619952202
0.03653406724333763
0.036066677421331406
0.03528265655040741
0.035888705402612686
0.061118338257074356
0.03906160220503807
0.042263392359018326
0.03397400677204132
0.035522185266017914
0.03520400449633598
0.0382867157459259
0.04257744550704956
0.03226076439023018
0.034201160073280334
0.03889808431267738
0.03568534180521965
0.03835097327828407
0.03530529513955116
0.035441797226667404
0.03448818251490593
0.033426668494939804
0.03837389126420021
0.03353682532906532
0.03710203617811203
0.03341241553425789
0.053577933460474014
0.03681781515479088
0.033858876675367355
0.03546668589115143
0.035603757947683334
0.032634053379297256
0.031473059207201004
0.050782281905412674
0.030711496248841286
0.0324501134455204
0.03208621218800545
0.03592493012547493
0.04009279981255531
0.032520681619644165
0.048170726746320724
0.03925652429461479
0.03353617712855339
0.03179614990949631
0.03524540364742279
0.03575442358851433
0.04414774477481842
0.0368603952229023
0.03437850996851921
0.03413330391049385
0.04227845370769501
0.0324302613735199
0.036893781274557114
0.03613045811653137
0.04599853232502937
0.035276710987091064
0.032966505736112595
0.0394178070127964
0.031879670917987823
0.03441694751381874
0.03786925971508026
0.04715229198336601
0.03279717639088631
0.030738553032279015
0.033025018870830536
0.032661378383636475
0.03612278029322624
0.0368708036839962
0.045514967292547226
0.035541146993637085
0.031604524701833725
0.038448940962553024
0.03538135066628456
0.03300955891609192
0.0323539674282074
0.04602586850523949
0.03879683092236519
0.030520543456077576
0.03220129758119583
0.0327075831592083
0.03662826120853424
0.03392953425645828
0.048280563205480576
0.03403737396001816
0.04308250546455383
0.03450164571404457
0.0340886153280735
0.03477717190980911
0.0317867286503315
0.04304295778274536
0.03615966811776161
0.03311919793486595
0.03880377486348152
0.03498498722910881
0.03404245898127556
0.030155809596180916
0.05036664009094238
0.04030229151248932
0.0345342755317688
0.03830985352396965
0.03856116533279419
0.03951428458094597
0.03047422505915165
0.04172239825129509
0.03280137851834297
0.03546793386340141
0.033456023782491684
0.03744437173008919
0.03251483663916588
0.03783075138926506
0.038184136152267456
0.0326218381524086
0.04080210253596306
0.03396753594279289
0.033885467797517776
0.03538193926215172
0.03305475413799286
0.03809219226241112
0.030632629990577698
0.03009967692196369
0.03594125062227249
0.0331120640039444
0.03493964299559593
0.038924504071474075
0.04344913363456726
0.03265650197863579
0.034880150109529495
0.03269767388701439
0.03087429702281952
0.030812447890639305
0.03739453852176666
0.05674779415130615
0.03601422533392906
0.03710096701979637
0.03775050491094589
0.031863078474998474
0.03930584341287613
0.03747711330652237
0.04413880780339241
0.03303530812263489
0.03592174872756004
0.03627677634358406
0.0322028212249279
0.0343790128827095
0.03283128887414932
0.04702863097190857
0.0326627679169178
0.03515739366412163
0.03198731318116188
0.03495543822646141
0.0320514477789402
0.03780098631978035
0.04791424795985222
0.0333213284611702
0.036880794912576675
0.030610889196395874
0.03725491464138031
0.03232285752892494
0.037691112607717514
0.062252458184957504
0.0324123315513134
0.03472444787621498
0.03588597849011421
0.040623366832733154
0.03133834898471832
0.03722606226801872
0.051294341683387756
0.03444480523467064
0.03583322465419769
0.03281872346997261
0.03555379435420036
0.03471434488892555
0.04425782337784767
0.05298599600791931
0.04024650901556015
0.03194022551178932
0.03425699844956398
0.03396056964993477
0.030920080840587616
0.03454066440463066
0.043488357216119766
0.034631043672561646
0.03326895087957382
0.03395961597561836
0.03780626878142357
0.03641379997134209
0.03295273706316948
0.04345393180847168
0.04299074411392212
0.03540147468447685
0.03455943614244461
0.03443128615617752
0.03513690456748009
0.02930987812578678
0.03759932145476341
0.033968742936849594
0.033123087137937546
0.03497897833585739
0.035642147064208984
0.028539419174194336
0.03392031416296959
0.03969816863536835
0.033976372331380844
0.03685462102293968
0.033389121294021606
0.031131470575928688
0.037094756960868835
0.03759843111038208
0.04448772966861725
0.03535043075680733
0.032790422439575195
0.037570081651210785
0.03453822061419487
0.031553156673908234
0.03238184377551079
0.051922187209129333
0.037858545780181885
0.034065667539834976
0.030408300459384918
0.03789861127734184
0.03718537464737892
0.03566534444689751
0.05542660877108574
0.033536676317453384
0.03751181811094284
0.036476992070674896
0.037939004600048065
0.03444317355751991
0.03161868825554848
0.034617651253938675
0.03284025937318802
0.02973368763923645
0.03808487579226494
0.03285076841711998
0.03781181946396828
0.030032457783818245
0.040223587304353714
0.03645233437418938
0.031237980350852013
0.03583160415291786
0.03383314236998558
0.04063452407717705
0.03721265494823456
0.042742013931274414
